[M11139]
name = "M11139"
size = [ 1920, 1080]
matrix = [ [ 1237.1222185708689, 0.0, 955.0151471470087], [ 0.0, 1237.3740515836157, 540.5363889537163], [ 0.0, 0.0, 1.0]]
distortions = [ -0.1291770657092432, 0.14377615647497777, 0.0014812860769815334, 0.000248635362314446]
rotation = [ 0.5254282999833642, 1.6702983114583263, 0.609448300222215]
translation = [ -3.6709990533944774, -0.5617479694520069, 6.444282011126348]
fisheye = false

[M11140]
name = "M11140"
size = [ 1920, 1080]
matrix = [ [ 1236.5091399323753, 0.0, 950.102144442063], [ 0.0, 1236.4150757746038, 541.9721602257846], [ 0.0, 0.0, 1.0]]
distortions = [ -0.12753376483557372, 0.13488052613939552, 0.0013456971093245352, 0.0005950248285051241]
rotation = [ -1.029149337001609, 1.4014384459649338, -0.9904229352656195]
translation = [ -4.728456853632491, -0.1038851749911526, 7.059375847926511]
fisheye = false

[M11141]
name = "M11141"
size = [ 1920, 1080]
matrix = [ [ 2163.8170083699993, 0.0, 951.260701475935], [ 0.0, 2163.2996297517066, 500.99023500897835], [ 0.0, 0.0, 1.0]]
distortions = [ -0.09049234196711187, 0.17171129453532433, -0.0033064127457769674, -0.00012614889018205093]
rotation = [ 0.9881285238206068, 0.9990457315816558, 1.303336795216074]
translation = [ -4.58800951066234, 0.03376635856066681, 7.243827260971917]
fisheye = false

[M11458]
name = "M11458"
size = [ 1920, 1080]
matrix = [ [ 1235.3028619777608, 0.0, 948.2500393490009], [ 0.0, 1234.7444371945314, 526.6409444247042], [ 0.0, 0.0, 1.0]]
distortions = [ -0.12579199390498952, 0.12773407428291478, 0.001280914024502188, 0.00036540139434737513]
rotation = [ -1.2875803711694505, -1.6831133902596354, 0.7403011628363759]
translation = [ 1.692119541024098, -0.5745761251784747, 8.150524071450873]
fisheye = false

[M11459]
name = "M11459"
size = [ 1920, 1080]
matrix = [ [ 1237.9677209860986, 0.0, 958.0143436198814], [ 0.0, 1237.2400896228894, 524.7048188057638], [ 0.0, 0.0, 1.0]]
distortions = [ -0.1271405820743467, 0.13444406116747099, 0.0015810645464876321, 0.00041108266501478977]
rotation = [ 0.6205279700281257, -1.6783661105174592, -0.6760206855786761]
translation = [ 3.5031408299443565, -0.8004187177875254, 6.2578486504091195]
fisheye = false

[M11461]
name = "M11461"
size = [ 1920, 1080]
matrix = [ [ 2152.9548820843484, 0.0, 962.5006069289082], [ 0.0, 2152.5899691417217, 502.28681437885706], [ 0.0, 0.0, 1.0]]
distortions = [ -0.08892119555860706, 0.1526004986599534, -0.003416048362172973, 0.0008596162663912501]
rotation = [ 0.8151179338386235, 0.22937754995319157, -0.30143377971817675]
translation = [ 0.16342065579767337, 4.054834346199694, 4.1669911948952]
fisheye = false

[M11462]
name = "M11462"
size = [ 1920, 1080]
matrix = [ [ 2161.1166189348837, 0.0, 950.5478374214863], [ 0.0, 2160.5386133222996, 558.29450210944], [ 0.0, 0.0, 1.0]]
distortions = [ -0.08452596337227616, 0.11865816668171213, 0.0027512124818032412, 0.0004507878479505564]
rotation = [ 0.4485715424707619, 1.3939774034240304, 0.39886041478266504]
translation = [ -3.7302629655883677, -0.1179838295841035, 7.71702272473468]
fisheye = false

[M11463]
name = "M11463"
size = [ 1920, 1080]
matrix = [ [ 2163.675676097157, 0.0, 950.1749873752537], [ 0.0, 2163.0187307424526, 556.8858132363308], [ 0.0, 0.0, 1.0]]
distortions = [ -0.0879101735240083, 0.1419413162132112, 0.002365610818295165, -7.706511697454159e-05]
rotation = [ -1.5662909091202148, 0.29262938896465235, -2.327864345577982]
translation = [ -4.570295203157419, -0.18832205626072873, 6.586572773187763]
fisheye = false

[metadata]
adjusted = false
error = 0.3
